resultsAbsoluteValueArr  = \
[[1.8, 12.0, 21.0, 24.1, 20.3, 14.5, 6.3],
 [10.5, 15.7, 29.6, 25.1, 10.5, 6.8, 1.8],
 [14.2, 16.8, 31.2, 21.7, 10.7, 4.4, 1.0],
 [15.1, 19.7, 30.9, 21.0, 9.3, 3.2, 0.8],
 [12.0, 19.0, 33.2, 22.1, 9.1, 3.5, 1.1],
 [9.7, 12.6, 33.4, 26.7, 12.4, 3.9, 1.3],
 [13.0, 21.5, 34.2, 21.0, 7.9, 2.1, 0.3],
 [0.0, 0.0, 0.0, 0.0, 0.0, 0.0, 0.0],
 [60.4, 15.1, 11.3, 9.4, 3.8, 0.0, 0.0],
 [8.4, 17.1, 21.6, 20.2, 17.0, 11.3, 4.4],
 [3.6, 11.2, 26.8, 28.8, 19.1, 8.0, 2.5],
 [8.7, 22.3, 21.8, 18.5, 14.6, 9.6, 4.5],
 [5.5, 18.4, 19.5, 19.5, 19.1, 13.2, 4.8],
 [6.0, 14.2, 28.5, 24.9, 16.8, 6.5, 3.1],
 [4.9, 11.0, 23.6, 27.4, 19.8, 9.5, 3.8],
 [8.6, 19.4, 32.6, 23.6, 9.5, 4.6, 1.7],
 [5.7, 17.1, 34.2, 26.5, 12.6, 3.3, 0.6],
 [6.7, 21.1, 27.3, 23.7, 13.2, 5.9, 2.1],
 [2.5, 9.7, 33.3, 35.4, 15.6, 2.8, 0.7],
 [4.2, 10.0, 29.7, 33.5, 17.2, 4.5, 0.9],
 [8.1, 14.1, 29.5, 26.5, 15.4, 5.5, 0.9],
 [7.7, 13.5, 28.0, 29.0, 16.2, 4.6, 1.0],
 [4.0, 8.8, 19.1, 25.4, 22.9, 13.2, 6.6],
 [10.1, 27.7, 28.7, 18.1, 10.3, 3.7, 1.4],
 [25.3, 27.7, 17.8, 13.3, 7.2, 6.1, 2.6],
 [5.5, 17.7, 29.1, 25.9, 14.8, 5.2, 1.8],
 [13.1, 31.8, 26.1, 16.6, 8.3, 3.6, 0.5],
 [5.5, 17.7, 28.8, 25.9, 15.4, 5.3, 1.4],
 [4.6, 11.3, 25.2, 25.1, 18.4, 11.0, 4.4],
 [12.1, 23.4, 20.2, 17.0, 13.4, 9.7, 4.2],
 [2.0, 10.0, 37.7, 31.4, 13.8, 4.3, 0.8],
 [81.0, 12.1, 1.7, 1.8, 1.7, 0.0, 1.7],
 [8.8, 20.7, 26.6, 25.8, 12.1, 4.8, 1.2],
 [41.5, 14.4, 17.8, 17.8, 4.3, 2.5, 1.7],
 [4.4, 15.4, 28.6, 24.3, 15.1, 8.7, 3.5],
 [5.3, 11.9, 24.7, 25.2, 19.7, 9.7, 3.5],
 [10.9, 20.4, 17.6, 17.5, 16.6, 12.2, 4.8],
 [12.9, 44.0, 23.1, 11.3, 3.8, 3.2, 1.7],
 [7.6, 18.6, 24.3, 22.7, 15.9, 8.8, 2.1],
 [5.7, 13.3, 25.6, 25.3, 17.3, 9.4, 3.4],
 [4.9, 16.1, 28.8, 25.0, 16.0, 7.1, 2.1],
 [5.5, 13.2, 29.4, 27.9, 16.0, 5.8, 2.2],
 [11.3, 25.0, 29.4, 19.0, 10.1, 4.1,1.1],
 [   0,    0,    0,    0,    0,   0,  0],
 [7.2, 16.5, 25.9, 23.9, 15.7, 7.9, 2.9]]

subjects = \
['ACCOUNTING ADV',
 'ART & DESIGN ADV (3D DESIGN)',
 'ART & DESIGN ADV (ART, CRAFT & DES)',
 'ART & DESIGN ADV (FINE ART)',
 'ART & DESIGN ADV (GRAPHIC COMM)',
 'ART & DESIGN ADV (PHOTOGRAPHY)',
 'ART & DESIGN ADV (TEXTILE DESIGN)',
 'BENGALI ADV',
 'BIBLICAL HEBREW ADV',
 'BIOLOGY ADV',
 'BUSINESS ADV',
 'CHEMISTRY ADV',
 'COMPUTER SCIENCE ADV',
 'D&T: FASHION AND TEXTILES ADV',
 'D&T: PRODUCT DESIGN ADV',
 'DANCE ADV',
 'DRAMA AND THEATRE ADV',
 'ECONOMICS ADV',
 'ENGLISH LANGUAGE ADV',
 'ENGLISH LANGUAGE AND LITERATURE ADV',
 'ENGLISH LITERATURE A ADV',
 'ENGLISH LITERATURE B ADV',
 'ENVIRONMENTAL SCIENCE ADV',
 'FRENCH ADV',
 'FURTHER MATHEMATICS ADV',
 'GEOGRAPHY ADV',
 'GERMAN ADV',
 'HISTORY ADV',
 'LAW ADV',
 'MATHEMATICS ADV',
 'MEDIA STUDIES ADV',
 'MODERN HEBREW ADV',
 'MUSIC ADV',
 'PANJABI ADV',
 'PHILOSOPHY ADV',
 'PHYSICAL EDUCATION ADV',
 'PHYSICS ADV',
 'POLISH ADV',
 'POLITICS ADV',
 'PSYCHOLOGY ADV',
 'RELIGIOUS STUDIES ADV',
 'SOCIOLOGY ADV',
 'SPANISH ADV',
 'CLEAR',
 'TOTAL']